# Created by Octave 4.2.0, Sat Dec 03 12:54:34 2016 IST <antonbright@017181>
# name: priceY
# type: matrix
# rows: 47
# columns: 1
 0.3976785712488531
 0.2180288396343227
 0.3326125892624075
 0.9928634198201616
 0.3507724111349871
 0.2576577351390706
 0.654553813311019
 0.6224649534707863
 0.06489876574517865
 0.8749584806273795
 0.4890148780130141
 0.4278521075886593
 0.3870393923014074
 0.5086327032849368
 0.120931829345815
 0.4918026582271132
 0.9963766763463863
 0.7982280049995433
 0.7340673558562441
 0.8051668219465943
 0.4856568679760147
 0.2406085091398195
 0.6198775071477977
 0.2401586772745125
 0.1482669475600109
 0.05730062996776401
 0.7811795790457441
 0.3718479662514806
 0.3854567480657036
 0.5477590413541169
 0.5616828608120221
 0.6343725184185603
 0.448711339454141
 0.07735321292538182
 0.441527923032779
 0.5080797435496986
 0.8332345148460343
 0.09669912962896902
 0.9597754955917315
 0.2708198155177272
 0.7616536724631752
 0.7608427180852168
 0.9448519324813299
 0.1100810988139911
 0.1058775625199527
 0.8546202895722986
 0.04715636298631502


